Date				PMI
Apr 03, 2020	35.0
Mar 04, 2020	50.7
Feb 05, 2020	51.2
Jan 06, 2020	50.2
Dec 04, 2019	49.4
Nov 06, 2019	48.9
Oct 03, 2019	48.5
Sep 04, 2019	51.7
Aug 05, 2019	50.9
Jul 03, 2019	52.6
Jun 05, 2019	52.6
May 06, 2019	52.2
Apr 03, 2019	51.4
Mar 05, 2019	52.8
Feb 05, 2019	52.1
Jan 04, 2019	51.6
Dec 05, 2018	52.3
Nov 06, 2018	53.4
Oct 03, 2018	55.0
Sep 05, 2018	55.6
Aug 03, 2018	55.0
Jul 04, 2018	54.8
Jun 05, 2018	53.4
May 04, 2018	54.6
Apr 23, 2018  	55.3
Apr 05, 2018	55.1
Mar 22, 2018  	55.4
Mar 05, 2018	57.6
Feb 21, 2018  	57.4
Feb 05, 2018	59.0
Jan 24, 2018  	58.8
Jan 04, 2018	58.9
Dec 14, 2017  	58.7
Dec 05, 2017	57.3
Nov 23, 2017  	57.6
Nov 06, 2017	56.6
Oct 24, 2017  	56.9
Oct 04, 2017	57.7
Sep 22, 2017  	57.8
Sep 05, 2017	55.8
Aug 23, 2017  	55.7
Aug 03, 2017	54.7
Jul 24, 2017  	55.1
Jul 05, 2017	56.4
Jun 23, 2017  	56.1
Jun 05, 2017	57.4
May 23, 2017  	57.3
May 04, 2017	56.7
Apr 21, 2017  	56.3
Apr 05, 2017	57.1
Mar 24, 2017  	57.0
Mar 03, 2017	56.1
Feb 21, 2017  	56.1
Feb 03, 2017	54.8
Jan 24, 2017  	54.7
Jan 04, 2017	55.2
Dec 15, 2016  	54.8
Dec 05, 2016	55.0
Nov 23, 2016  	54.9
Nov 04, 2016	55.1
Oct 24, 2016  	55.1
Oct 05, 2016	52.8
Sep 23, 2016  	52.7
Sep 05, 2016	53.3
Aug 23, 2016  	54.4
Aug 03, 2016	55.3
Jul 22, 2016  	55.3
Jul 05, 2016	54.4
Jun 23, 2016  	54.1
Jun 03, 2016	54.5
May 23, 2016  	54.7
May 04, 2016	53.6
Apr 22, 2016	53.8	
Apr 05, 2016 	54.0
Mar 22, 2016   	54.1
Mar 03, 2016 	54.1
Feb 22, 2016   	53.8
Feb 03, 2016 	54.5
Jan 22, 2016 	54.5
Jan 06, 2016 	55.5
Dec 16, 2015   	54.9
Dec 03, 2015 	55.2
Nov 23, 2015   	54.9
Nov 04, 2015 	54.2
Oct 23, 2015   	54.0
Oct 05, 2015 	54.1
Sep 23, 2015   	54.3	
Sep 03, 2015 	55.0
Aug 21, 2015   	54.0	
Aug 05, 2015 	53.7	
Jul 24, 2015   	53.4
Jul 03, 2015 	53.7
Jun 23, 2015   	54.0
Jun 03, 2015 	52.6
May 21, 2015   	52.8
May 06, 2015 	54.1
Apr 23, 2015   	54.2
Apr 07, 2015 	55.4	
Mar 24, 2015   	55.3	
Mar 04, 2015 	53.8	
Feb 20, 2015	54.3
Feb 04, 2015 	53.5	
Jan 23, 2015   	52.6	
Jan 06, 2015 	52.0	
Dec 16, 2014   	51.4	 	
Nov 20, 2014   	52.1	 	
Oct 23, 2014   	54.3	
Sep 23, 2014	54.0
Aug 01, 2014 	55.70	
Jul 01, 2014 	54.00	
Jun 01, 2014 	55.60	
May 01, 2014 	56.10	
Apr 01, 2014 	54.30	
Mar 01, 2014 	56.40	
Feb 01, 2014 	55.50	
Jan 01, 2014 	55.00	
Dec 01, 2013 	55.40	
Nov 01, 2013 	53.20	
Oct 01, 2013 	53.20	
Sep 01, 2013 	53.50	
Aug 01, 2013 	52.10	
Jul 01, 2013 	50.40	
Jun 01, 2013 	50.20	
May 01, 2013 	49.20	
Apr 01, 2013 	50.60	
Mar 01, 2013 	53.30	
Feb 01, 2013 	54.40	
Jan 01, 2013 	50.30	
Dec 01, 2012 	49.20	
Nov 01, 2012 	47.70	
Oct 01, 2012 	49.20	
Sep 01, 2012 	47.00	
Aug 01, 2012 	47.50	
Jul 01, 2012 	48.10	 	 	