Date            PMI
Apr 01, 2020	45.4
Mar 24, 2020  	45.7
Mar 02, 2020	48.0
Feb 21, 2020  	47.8
Feb 03, 2020	45.3
Jan 24, 2020  	45.2
Jan 02, 2020	43.7
Dec 16, 2019  	43.4
Dec 02, 2019	44.1
Nov 22, 2019  	43.8
Nov 04, 2019	42.1
Oct 24, 2019  	41.9
Oct 01, 2019	41.7
Sep 23, 2019  	41.4
Sep 02, 2019	43.5
Aug 22, 2019  	43.6
Aug 01, 2019	43.2
Jul 24, 2019  	43.1
Jul 01, 2019	45.0
Jun 21, 2019  	45.4
Jun 03, 2019	44.3
May 23, 2019  	44.3
May 02, 2019	44.4
Apr 18, 2019  	44.5
Apr 01, 2019	44.1
Mar 22, 2019  	44.7
Mar 01, 2019	47.6
Feb 21, 2019  	47.6
Feb 01, 2019	49.7
Jan 24, 2019  	49.9
Jan 02, 2019	51.5
Dec 14, 2018  	51.5
Dec 03, 2018	51.8
Nov 23, 2018  	51.6
Nov 02, 2018	52.2
Oct 24, 2018  	52.3
Oct 01, 2018	53.7
Sep 21, 2018  	53.7
Sep 03, 2018	55.9
Aug 23, 2018  	56.1
Aug 01, 2018	56.9
Jul 24, 2018  	57.3
Jul 02, 2018	55.9
Jun 22, 2018  	55.9
Jun 01, 2018	56.9
May 23, 2018  	56.8
May 02, 2018	58.1
Apr 23, 2018  	58.1
Apr 03, 2018	58.2
Mar 22, 2018  	58.4
Mar 01, 2018	60.6
Feb 21, 2018  	60.3
Feb 01, 2018	61.1
Jan 24, 2018  	61.2
Jan 02, 2018	63.3
Dec 14, 2017  	63.3
Dec 01, 2017	62.5
Nov 23, 2017  	62.5
Nov 02, 2017	60.6
Oct 24, 2017  	60.5
Oct 02, 2017	60.6
Sep 22, 2017  	60.6
Sep 01, 2017	59.3
Aug 23, 2017  	59.4
Aug 01, 2017	58.1
Jul 24, 2017  	58.3
Jul 03, 2017	59.6
Jun 23, 2017  	59.3
Jun 01, 2017	59.5
May 23, 2017  	59.4
May 02, 2017	58.2
Apr 21, 2017  	58.2
Apr 03, 2017	58.3
Mar 24, 2017  	58.3
Mar 01, 2017	56.8
Feb 21, 2017  	57.0
Feb 01, 2017	56.4
Jan 24, 2017  	56.5
Jan 02, 2017	55.6
Dec 15, 2016  	55.5
Dec 01, 2016	54.3
Nov 23, 2016  	54.4
Nov 02, 2016	55.0
Oct 24, 2016  	55.1
Oct 03, 2016	54.3
Sep 23, 2016  	54.3
Sep 01, 2016	53.6
Aug 23, 2016  	53.6
Aug 01, 2016	53.8
Jul 22, 2016  	53.7
Jul 01, 2016	54.5
Jun 23, 2016  	54.4
Jun 01, 2016	52.1
May 23, 2016  	52.4
May 02, 2016	51.8
Apr 22, 2016  	51.9
Apr 01, 2016	50.7
Mar 22, 2016  	50.4
Mar 01, 2016	50.5
Feb 22, 2016  	50.2
Feb 01, 2016	52.3
Jan 22, 2016  	52.1
Jan 04, 2016	53.2
Dec 16, 2015  	53.0
Dec 01, 2015	52.9
Nov 23, 2015  	52.6
Nov 02, 2015	52.1
Oct 23, 2015  	51.6
Oct 01, 2015	52.3
Sep 23, 2015  	52.5
Sep 01, 2015	53.3
Aug 21, 2015  	53.2
Aug 03, 2015	51.8
Jul 24, 2015  	51.5
Jul 01, 2015	51.9
Jun 23, 2015  	51.9
Jun 01, 2015	51.1
May 21, 2015  	51.4
May 04, 2015	52.1
Apr 23, 2015  	51.9
Apr 01, 2015	52.8
Mar 24, 2015  	52.4
Mar 02, 2015	51.1
Feb 20, 2015  	50.9
Feb 02, 2015	50.9
Jan 23, 2015  	51.0
Jan 02, 2015	51.2
Dec 16, 2014  	51.2
Dec 01, 2014	49.5
Nov 20, 2014  	50.0
Nov 03, 2014	51.4
Oct 23, 2014  	51.8
Oct 01, 2014	49.9
Sep 23, 2014  	50.3
Sep 01, 2014	51.4
Aug 21, 2014  	52.0
Aug 01, 2014	52.4
Jul 24, 2014  	52.9
Jul 01, 2014	52.0
Jun 23, 2014  	52.4
Jun 02, 2014	52.3
May 22, 2014  	52.9
May 02, 2014	54.1
Apr 23, 2014  	54.2
Apr 01, 2014	53.7
Mar 24, 2014  	53.8
Mar 03, 2014	54.8
Feb 20, 2014  	54.7
Feb 03, 2014	56.5
Jan 23, 2014  	56.3
Jan 02, 2014	54.3
Dec 16, 2013  	54.2
Dec 02, 2013	52.7
Nov 21, 2013  	52.5
Nov 04, 2013	51.7
Oct 24, 2013  	51.5
Oct 01, 2013	51.1
Sep 23, 2013  	51.3
Sep 02, 2013	51.8
Aug 22, 2013  	52.0
Aug 01, 2013	50.7
Jul 24, 2013  	50.3
Jul 01, 2013	48.6
Jun 20, 2013  	48.7
Jun 03, 2013	49.4
May 23, 2013  	49.0
May 02, 2013	48.1
Apr 23, 2013  	47.9
Apr 02, 2013	49.0
Mar 21, 2013  	48.9
Mar 01, 2013	50.3
Feb 21, 2013  	50.1
Feb 01, 2013	49.8
Jan 24, 2013  	48.8
Jan 02, 2013	46.0
Dec 14, 2012  	46.3
Dec 03, 2012	46.8
Nov 22, 2012  	46.8
Nov 02, 2012	46.0
Oct 24, 2012  	45.7
Oct 01, 2012	47.4
Sep 20, 2012  	47.3
Sep 03, 2012	44.7
Aug 23, 2012  	45.1
Aug 01, 2012	43.0
Jul 24, 2012  	43.3
Jul 02, 2012	45.0
Jun 21, 2012  	44.7
Jun 01, 2012	45.2
May 24, 2012  	45.0
May 02, 2012	46.2
Apr 23, 2012  	46.3
Apr 02, 2012	48.4
Mar 22, 2012  	48.1
Mar 01, 2012	50.2
Feb 22, 2012  	50.1
Feb 01, 2012	51.0
Jan 24, 2012  	50.9
Jan 02, 2012	48.4
Dec 15, 2011  	48.1
Dec 01, 2011	47.9
Nov 23, 2011  	47.9
Nov 02, 2011	49.1
Oct 24, 2011  	48.9
Oct 03, 2011	50.3
Sep 22, 2011  	50.0
Sep 01, 2011	50.9
Aug 23, 2011  	52.0
Aug 01, 2011	52.0
Jul 21, 2011  	52.1
Jun 23, 2011  	54.9
Jun 01, 2011	57.7
May 23, 2011  	58.2
May 02, 2011	62.0
Apr 19, 2011  	61.7
Mar 24, 2011  	60.9
Mar 01, 2011	62.7
Feb 21, 2011  	62.6
Feb 01, 2011	60.5
Jan 24, 2011  	60.2
Dec 16, 2010  	60.9
Dec 01, 2010	58.1
Nov 23, 2010  	58.9
Nov 02, 2010	56.6
Oct 21, 2010  	56.1
Sep 23, 2010  	55.3
Aug 23, 2010  	58.2
Jul 22, 2010  	61.2
Jun 23, 2010  	58.1
Jun 01, 2010	58.4
May 21, 2010  	58.3
May 03, 2010	61.5
Apr 22, 2010  	61.3
Mar 24, 2010  	59.6
Mar 01, 2010	57.2
Feb 19, 2010  	57.1
Jan 21, 2010  	53.4
Dec 16, 2009  	53.1
Dec 01, 2009	52.4
Nov 23, 2009  	52.0
Oct 23, 2009  	51.1
Oct 01, 2009	49.6
Sep 23, 2009  	49.6
Sep 01, 2009	49.2
Aug 21, 2009  	49.0
Jul 24, 2009	45.2
Jul 01, 2009	40.9
Jun 23, 2009	40.5	
Jun 01, 2009	39.6	
May 21, 2009	39.1	
Apr 23, 2009	35.0	
Mar 24, 2009	32.4	
Feb 20, 2009	32.2	
Jan 23, 2009	32.0	
Dec 16, 2008	33.5	
Nov 21, 2008	36.7	
Oct 24, 2008	43.3	
Sep 23, 2008	48.1	
Aug 21, 2008	49.9	
Jul 24, 2008	50.9	
Jun 23, 2008	52.3	
May 23, 2008	53.5	
Apr 23, 2008	53.6	
Mar 20, 2008	54.9	
Mar 03, 2008	54.3	