Date			PMI 
Apr 03, 2020	40.9
Mar 24, 2020	40.5
Mar 04, 2020	49.6	
Feb 21, 2020	49.6
Feb 05, 2020 	53.3
Jan 24, 2020 	53.1		
Jan 06, 2020 	52.7		
Dec 16, 2019 	52.2		
Dec 04, 2019 	52.0		
Nov 22, 2019 	51.9		
Nov 05, 2019 	50.9		
Oct 24, 2019 	51.2		
Oct 03, 2019 	51.0		
Sep 23, 2019 	51.0		
Sep 05, 2019 	50.7		
Aug 22, 2019 	50.9	
Aug 05, 2019 	52.6	
Jul 24, 2019 	51.6	
Jul 03, 2019 	51.5	
Jun 21, 2019 	50.6	 
Jun 05, 2019 	50.9		
May 23, 2019 	50.9	 		
May 03, 2019 	53.0		
Apr 18, 2019 	52.8	 		
Apr 03, 2019 	54.6		
Mar 05, 2019 	55.5		
Feb 21, 2019 	55.8
Feb 05, 2019 	54.4	
Jan 24, 2019	54.2
Jan 04, 2019	54.4
Dec 06, 2018	54.7	
Nov 23, 2018	54.4
Nov 05, 2018	54.9
Oct 24, 2018	54.8	 	
Oct 03, 2018 	53.9	
Sep 21, 2018	53.4	
Sep 06, 2018 	54.7	
Aug 23, 2018	55.0	
Aug 03, 2018 	55.7	
Jul 05, 2018 	56.2	
Jun 22, 2018	56.0	
Jun 05, 2018 	56.6	 		
May 23, 2018	55.7		
May 03, 2018	54.9	
Apr 23, 2018	54.8	
Apr 04, 2018 	54.2	
Mar 05, 2018	55.8	
Feb 21, 2018	55.9	
Feb 05, 2018 	53.8	
Jan 24, 2018	53.8		
Jan 04, 2018 	54.1	 		
Dec 05, 2017 	54.5	 		
Nov 03, 2017	55.2	 		
Oct 24, 2017	55.7	 		
Oct 04, 2017	54.8	 		
Sep 22, 2017	54.6	 		
Sep 06, 2017	55.3	 		
Aug 03, 2017	54.6	 		
Jul 06, 2017	53.9	 		
Jun 05, 2017	53.6	 		
May 03, 2017	53.2	 		
Apr 05, 2017	53.0	 		
Mar 03, 2017	54.1	 		
Feb 03, 2017	55.8	 		
Jan 05, 2017	54.1	 		
Dec 19, 2016	53.7	 		
Dec 05, 2016 	54.9	 		
Nov 03, 2016 	54.9	 
Oct 05, 2016	52.3	
Sep 03, 2016	51.5	
Aug 03, 2016 	51.8		
Jul 06, 2016 	51.2	 
Jun 03, 2016 	50.9	 
May 04, 2016 	52.4	 
Apr 26, 2016	51.7	 
Apr 05, 2016 	51.3	 
Mar 03, 2016 	50.0	 
Feb 03, 2016 	53.2	 
Jan 06, 2016 	54.0	 
Dec 03, 2015 	55.9	 
Nov 04, 2015 	55.0	 
Oct 05, 2015 	55.0	 
Sep 03, 2015 	55.7	 
Aug 25, 2015   	55.0		
Aug 05, 2015 	55.7	
Jul 06, 2015 	54.6	
Jun 03, 2015 	56.0	
May 05, 2015 	57.0	
Apr 06, 2015 	59.2		
Mar 04, 2015 	57.2		
Feb 04, 2015 	54.4	 	
Jan 06, 2015 	53.5	 	
Dec 03, 2014 	56.1	 	
Nov 05, 2014 	57.2	
Oct 03, 2014	59.0	 
Sep 01, 2014 	59.70	
Aug 01, 2014 	60.60	
Jul 01, 2014 	61.00	
Jun 01, 2014 	58.40	
May 01, 2014 	55.60	
Apr 01, 2014 	55.70	
Mar 01, 2014 	54.10	
Feb 01, 2014 	56.20	
Jan 01, 2014 	56.10	
Dec 01, 2013 	56.20	
Nov 01, 2013 	49.60	
Oct 01, 2013 	57.30	
Sep 01, 2013 	56.00	
Aug 01, 2013 	56.80	
Jul 01, 2013 	55.80	
Jun 01, 2013 	54.50	
May 01, 2013 	53.80   
Apr 01, 2013 	53.80	
Mar 01, 2013 	54.50	
Feb 01, 2013 	53.80	
Jan 01, 2013 	53.30	
Dec 01, 2012 	53.80	
Nov 01, 2012 	52.50	
Oct 01, 2012 	50.70	
Sep 01, 2012 	51.90	
Aug 01, 2012 	51.30	
Jul 01, 2012 	53.20	