Date    		PMI
Apr 01, 2020	43.2	52.4	52.7	
Mar 02, 2020	53.2	51.0	52.0	
Feb 03, 2020	51.5	47.6	47.7	
Jan 02, 2020	47.1	 	45.7	
Dec 02, 2019	45.4	47.1	46.0	
Nov 01, 2019	46.0	47.1	46.1	
Oct 01, 2019	46.3	52.0	51.8	
Sep 02, 2019	52.4	50.5	51.9	
Aug 01, 2019	52.0	50.5	52.0	
Jul 01, 2019	52.0	50.6	53.1	
Jun 03, 2019	53.1	50.6	50.9	
May 02, 2019	50.9	51.0	52.5	
Apr 01, 2019	52.8	51.0	52.7	
Mar 01, 2019	52.5	 	51.7	
Feb 01, 2019	51.5	51.5	51.8	
Jan 02, 2019	52.0	 	55.4	
Dec 03, 2018	56.7	 	55.0	
Nov 01, 2018	55.0	54.0	55.2	
Oct 01, 2018	55.2	57.0	52.5	
Sep 03, 2018	52.5	 	57.4	
Aug 01, 2018	57.4	 	54.2	
Jul 02, 2018	54.2	55.0	55.8	
Jun 01, 2018	55.8	55.0	54.5	
May 02, 2018	54.5	 	55.9	
May 01, 2018	55.9	57.0	55.9	
Apr 03, 2018	55.9	57.0	59.9	
Mar 01, 2018	59.9	57.5	57.0	
Feb 01, 2018	57.0	60.0	60.4	
Jan 02, 2018	60.4	 	63.3	
Dec 01, 2017	63.3	 	59.3	
Nov 01, 2017	59.3	62.0	63.7	
Oct 02, 2017	63.7	 	54.7	
Sep 01, 2017	54.7	60.0	60.4	
Aug 01, 2017	60.4	 	62.3	
Jul 03, 2017	62.4	59.8	58.8	
Jun 01, 2017	58.8	61.5	62.5	
May 02, 2017	62.5	62.5	65.2	
Apr 03, 2017	65.2	60.0	60.9	
Mar 01, 2017	60.9	 	62.0	
Feb 01, 2017	62.0	58.5	60.1	
Jan 02, 2017	60.1	58.0	57.3	
Dec 01, 2016	57.3	57.0	58.4	
Nov 01, 2016	58.4	54.8	54.9	
Oct 03, 2016	54.9	52.5	50.7	
Sep 01, 2016	50.7	52.0	55.4	
Aug 01, 2016	55.4	51.6	53.0	
Jul 01, 2016	53.0	54.5	54.0	
Jun 01, 2016	54.0	53.8	54.0	
May 02, 2016	54.0	 	53.3	
Apr 01, 2016	53.3	52.7	51.7	
Mar 01, 2016	51.7	55.0	55.4	
Feb 01, 2016	55.5	56.0	56.0	
Jan 04, 2016	56.0	55.2	54.9	
Dec 01, 2015	54.9	54.0	53.4	
Nov 02, 2015	53.5	54.0	53.3	
Oct 01, 2015	53.3	54.3	53.2	
Sep 01, 2015	53.2	54.8	55.2	
Aug 03, 2015	55.2	53.5	52.8	
Jul 01, 2015	52.8	55.2	54.8	
Jun 01, 2015	54.8	55.0	55.7	
May 04, 2015	55.7	54.0	54.1	
Apr 01, 2015	54.1	54.2	53.3	
Mar 02, 2015	53.3	55.0	55.2	
Feb 02, 2015	55.1	55.6	55.4	
Jan 02, 2015	55.4	52.7	52.7	
Dec 01, 2014	52.7	52.6	52.1	
Nov 03, 2014	52.1	52.5	53.4	
Oct 01, 2014	53.4	51.9	51.0	
Sep 01, 2014	51.0	55.0	55.1	
Aug 01, 2014	55.2	55.0	54.8	
Jul 01, 2014	54.8	54.3	54.1	
Jun 02, 2014	54.1	54.7	55.5	
May 02, 2014	55.5	56.0	56.5	
Apr 01, 2014	56.5	54.1	54.6	
Mar 03, 2014	54.6	54.5	56.4	
Feb 03, 2014	56.4	54.4	52.2	
Jan 02, 2014	52.2	55.0	56.0	
Dec 02, 2013	56.0	54.0	52.0	
Nov 01, 2013	52.0	54.7	56.0	
Oct 01, 2013	56.0	52.3	52.2	
Sep 02, 2013	52.2	52.5	51.3	
Aug 01, 2013	51.3	53.1	53.5	
Jul 01, 2013	53.5	52.3	51.9	
Jun 03, 2013	51.90	50.20	49.60	
May 02, 2013	49.60	51.20	52.10	
Apr 02, 2013	52.10	50.30	50.90	
Mar 01, 2013	50.90	50.00	49.20	
Feb 01, 2013	49.20	46.10	44.60	
Jan 02, 2013	44.60	44.20	43.20	
Dec 03, 2012	43.20	44.00	43.10	
Nov 01, 2012	43.10	45.00	44.70	
Oct 01, 2012	44.70	46.50	45.10	
Sep 03, 2012	45.10	50.00	50.60	
Aug 01, 2012	50.60	47.70	48.40	
Jul 02, 2012	48.40	48.50	49.00	
Jun 01, 2012	49.00	49.80	50.20	
May 02, 2012	50.20	49.50	50.20	
Apr 01, 2012	49.90	 	50.20	
Mar 01, 2012	50.20	 	51.30	
Feb 01, 2012	51.30	 	49.20	
Jan 01, 2012	49.20	 	47.90	
Dec 01, 2011	47.90	 	50.20	
Nov 01, 2011	50.20	 	48.00	
Oct 01, 2011	48.00	 	48.90	
Sep 01, 2011	48.90	 	49.70	
Aug 01, 2011	49.70	 	52.50	
Jul 01, 2011	52.50	 	55.80	
Jun 01, 2011	55.80	 	59.40	
May 01, 2011	59.40	 	58.00	
Apr 01, 2011	58.00	 	60.60	
Mar 01, 2011	60.60	 	61.10	
Feb 01, 2011	61.10	 	60.40	
Jan 01, 2011	60.40	 	61.50	
Dec 01, 2010	61.50	 	62.20	
Nov 01, 2010	62.20	 	63.40	
Oct 01, 2010	63.40	 	61.10	
Sep 01, 2010	61.10	 	64.20	
Aug 01, 2010	64.20	 	62.20	
Jul 01, 2010	62.20	 	65.90	
Jun 01, 2010	65.90	 	63.80	
May 01, 2010	63.80	 	60.80	
Apr 01, 2010	60.80	 	61.30	
Mar 01, 2010	61.30	 	61.40	
Feb 01, 2010	61.40	 	58.20	
Jan 01, 2010	58.20	 	56.00	
Dec 01, 2009	56.00	 	56.70	
Nov 01, 2009	56.70	 	55.90	
Oct 01, 2009	55.90	 	52.40	
Sep 01, 2009	52.40	 	54.30	
Aug 01, 2009	54.30	 	50.50	
Jul 01, 2009	50.50	 	43.70	
Jun 01, 2009	43.70	 	38.80	
May 01, 2009	38.80	 	36.70	
Apr 01, 2009	36.70	 	33.90	
Mar 01, 2009	33.90	 	33.80	
Feb 01, 2009	33.80	 	32.70	
Jan 01, 2009	32.70	 	33.10	
Dec 01, 2008	33.10	 	39.00	
Nov 01, 2008	39.00	 	42.30	
Oct 01, 2008	42.30	 	46.40	
Sep 01, 2008	46.40	 	48.60	
Aug 01, 2008	48.60	 	50.60	
Jul 01, 2008	50.60	 	51.20	
Jun 01, 2008	51.20	 	50.10	
May 01, 2008	50.10	 	54.70	
Apr 01, 2008	54.70	 	55.70	
Mar 01, 2008	55.70	 	54.60	
Feb 01, 2008	54.60	 	55.50	
Jan 01, 2008	55.50	 	55.10	