Apr 03, 2020 34.5	34.8	53.2	
Mar 24, 2020 35.7	45.0	53.2	
Mar 04, 2020 53.2	53.3	53.9	
Feb 21, 2020 53.3	53.4	53.9	
Feb 05, 2020 53.9	52.9	50.0	
Jan 24, 2020 52.9	49.4	50.0	
Jan 06, 2020 50.0	49.1	49.0	
Dec 16, 2019 49.0	49.6	49.3	
Dec 04, 2019 49.3	48.6	50.0	
Nov 22, 2019 48.6	50.1	50.0	
Nov 05, 2019 50.0	49.7	49.5	
Oct 03, 2019 49.5	50.3	50.6	
Sep 04, 2019 50.6	51.0	51.4	
Aug 05, 2019 51.4	50.4	50.2	
Jul 03, 2019 50.2	51.0	51.0	
Jun 05, 2019 51.0	50.6	50.4	
May 03, 2019 50.4	50.4	48.9	
Apr 03, 2019 48.9	51.0	51.3	
Mar 05, 2019 51.3	49.9	50.1	
Feb 05, 2019 50.1	51.1	51.2	
Jan 04, 2019 51.2	50.7	50.4	
Dec 05, 2018 50.4	52.5	52.2	
Nov 05, 2018 52.2	53.3	53.9	
Oct 03, 2018 53.9	54.0	54.3	
Sep 05, 2018 54.3	53.9	53.5	
Aug 03, 2018 53.5	54.7	55.1	
Jul 04, 2018 55.1	53.9	54.0	
Jun 05, 2018 54.0	52.9	52.8	
May 03, 2018 52.8	53.5	51.7	
Apr 05, 2018 51.7	53.9	54.5	
Mar 05, 2018 54.5	53.3	53.0	
Feb 05, 2018 53.0	54.1	54.2	
Jan 04, 2018 54.2	54.1	53.8	
Dec 05, 2017 53.8	55.0	55.6	
Nov 03, 2017 55.6	53.3	53.6	
Oct 04, 2017 53.6	53.2	53.2	
Sep 05, 2017 53.2	53.5	53.8	
Aug 03, 2017 53.8	53.6	53.4	
Jul 05, 2017 53.4	53.5	53.8	
Jun 05, 2017 53.8	55.0	55.8	
May 04, 2017 55.8	54.5	55.0	
Apr 05, 2017 55.0	53.5	53.3	
Mar 03, 2017 53.3	54.1	54.5	
Feb 03, 2017 54.5	55.8	56.2	
Jan 05, 2017 56.2	54.7	55.2	
Dec 05, 2016 55.2	54.0	54.5	
Nov 03, 2016 54.5	52.4	52.6	
Oct 05, 2016 52.6	52.0	52.9	
Sep 05, 2016 52.9	50.0	47.4	
Aug 03, 2016 47.4	47.4	52.3	
Jul 22, 2016 47.4	48.9	52.3	
Jul 05, 2016 52.3	52.7	53.5	
Jun 03, 2016 53.5	52.5	52.3	
May 05, 2016 52.3	53.5	53.7	
Apr 05, 2016 53.7	53.7	52.7	
Mar 03, 2016 52.7	55.1	55.6	
Feb 03, 2016 55.6	55.3	55.5	
Jan 06, 2016 55.5	55.6	55.9	
Dec 03, 2015 55.9	55.0	54.9	
Nov 04, 2015 54.9	54.5	53.3	
Oct 05, 2015 53.3	56.0	55.6	
Sep 03, 2015 55.6	57.6	57.4	
Aug 05, 2015 57.4	58.0	58.5	
Jul 03, 2015 58.5	57.4	56.5	
Jun 03, 2015 56.5	59.2	59.5	
May 06, 2015 59.5	58.5	58.9	
Apr 07, 2015 58.9	57.0	56.7	
Mar 04, 2015 56.7	57.5	57.2	
Feb 04, 2015 57.2	56.3	55.8	
Jan 06, 2015 55.8	58.5	58.6	
Dec 03, 2014 58.6	56.6	56.2	
Nov 05, 2014 56.2	58.5	58.7	
Oct 03, 2014 58.7	59.1	60.5	
Sep 03, 2014 60.5	58.5	59.1	
Aug 05, 2014 59.1	57.9	57.7	
Jul 03, 2014 57.7	58.3	58.6	
Jun 04, 2014 58.6	58.2	58.7	
May 06, 2014 58.7	57.6	57.6	
Apr 03, 2014 57.6	58.1	58.2	
Mar 05, 2014 58.2	58.0	58.3	
Feb 05, 2014 58.3	59.0	58.8	
Jan 06, 2014 58.8	60.0	60.0	
Dec 04, 2013 60.0	62.0	62.5	
Nov 05, 2013 62.5	59.8	60.3	
Oct 03, 2013 60.3	60.0	60.5	
Sep 04, 2013 60.5	59.0	60.2	
Aug 05, 2013 60.2	57.2	56.9	
Jul 03, 2013 56.9	54.5	54.9	
Jun 05, 2013 54.9	53.0	52.9	
May 03, 2013 52.9	52.4	52.4	
Apr 04, 2013 52.4	51.5	51.8	
Mar 05, 2013 51.8	51.0	51.5	
Feb 05, 2013 51.5	49.8	48.9	
Jan 04, 2013 48.9	50.4	50.2	
Dec 05, 2012 50.2	51.1	50.6	
Nov 05, 2012 50.6	52.0	52.2	
Oct 03, 2012 52.2	53.1	53.7	
Sep 04, 2012 53.7	51.5	51.0	
Aug 03, 2012 51.0	51.5	51.3	
Jul 04, 2012 51.3	53.0	53.3	
Jun 07, 2012 53.3	52.7	53.3	
May 03, 2012 53.3	54.6	55.3	
Apr 04, 2012 55.3	53.5	53.8	
Mar 05, 2012 53.8	55.0	56.0	
Feb 03, 2012 56.0	53.5	54.0	
Jan 05, 2012 54.0	51.5	52.1	
Dec 05, 2011 52.1	50.5	51.3	
Nov 03, 2011 51.3	52.0	52.9	
Oct 05, 2011 52.9	50.5	51.1	
Sep 05, 2011 51.1	54.3	55.4	
Aug 03, 2011 55.4	53.2	53.9	
Jul 05, 2011 53.9	53.5	53.8	
Jun 03, 2011 53.8	54.2	54.3	
May 05, 2011 54.3	56.0	57.1	
Apr 05, 2011 57.1	52.9	52.6	
Mar 03, 2011 52.6	54.0	54.5	
Feb 03, 2011 54.5	51.1	49.7	
Jan 06, 2011 49.7	52.9	53.0	
Dec 03, 2010 53.0	53.2	53.2	
Nov 03, 2010 53.2	52.6	52.8	
Oct 05, 2010 52.8	51.2	51.3	
Sep 03, 2010 51.3	53.1	53.1	
Aug 04, 2010 53.1	54.6	54.4	
Jul 05, 2010 54.4	55.2	55.4	
Jun 03, 2010 55.4	55.6	55.3	
May 06, 2010 55.3	57.1	56.5	
Apr 07, 2010 56.5	58.4	58.4	
Mar 03, 2010 58.4	55.0	54.5	
Feb 03, 2010 54.5	56.8	56.8	
Jan 06, 2010 56.8	56.8	56.6	
Dec 03, 2009 56.6	57.0	56.9	
Nov 04, 2009 56.9	55.4	55.3	
Oct 05, 2009 55.3	54.5	54.1	
Sep 03, 2009 54.1	53.9	53.2	
Aug 05, 2009 53.2	52.0	51.6	
Jul 03, 2009 51.6	51.7	51.7	
Jun 03, 2009 51.7	49.4	48.7	
May 06, 2009 48.7	46.3	45.5	
Apr 03, 2009 45.5	43.6	43.2	
Mar 04, 2009 43.2	41.6	42.5	
Feb 04, 2009 42.5	40.3	40.2	
Jan 06, 2009 40.2	39.0	40.1	
Dec 03, 2008 40.1	41.2	42.4	
Nov 05, 2008 42.4	44.5	46.0	
Oct 03, 2008 46.0	48.0	49.2	
Sep 03, 2008 49.2	47.0	47.4	
Aug 05, 2008 47.4	46.7	47.1	
Jul 03, 2008 47.1	49.5	49.8	
Jun 04, 2008 49.8	50.4	50.4	
May 06, 2008 50.4	51.7	52.1	
Apr 03, 2008 52.1	53.3	54.0	
Mar 05, 2008 54.0	52.0	52.5	